1413393891.055760 -0.250906 0.017937 -0.704837 
1413393891.155761 -0.077909 0.133917 -0.163886 
1413393891.455760 -0.218828 -0.145236 -0.604897 
1413393891.605761 -0.257243 -0.367669 -0.719953 
1413393891.755760 -0.191051 -0.135862 -0.516480 
1413393891.905761 -0.205165 -0.167926 -0.559836 
1413393892.055760 -0.223550 -0.457625 -0.608707 
1413393892.255760 -0.191758 -0.362870 -0.511084 
1413393892.405761 -0.202539 -0.468745 -0.542507 
1413393892.555760 -0.202718 -0.477496 -0.542790 
1413393892.705760 -0.079210 -0.101289 -0.163664 
1413393892.855761 -0.091366 -0.080877 -0.202364 
1413393893.005760 -0.089284 -0.046392 -0.196786 
1413393893.155761 -0.090307 -0.066210 -0.199499 
1413393893.305760 -0.094936 -0.059197 -0.214024 
1413393893.455760 -0.089033 -0.027464 -0.196108 
1413393893.655761 -0.085615 0.012472 -0.186182 
1413393893.855761 -0.067179 0.090401 -0.129653 
1413393894.055760 -0.061477 0.086578 -0.112363 
1413393894.255760 -0.068454 0.114563 -0.134656 
1413393894.505760 0.043448 0.476775 0.203353 
1413393894.805760 0.057258 0.370902 0.246397 
1413393895.055760 0.060911 0.444405 0.255824 
1413393895.305760 0.099740 0.504293 0.370993 
1413393895.555760 0.108596 0.579267 0.396221 
1413393895.755760 0.110145 0.575354 0.401349 
1413393896.005760 0.108145 0.649426 0.393654 
1413393896.205760 0.106333 0.517512 0.389225 
1413393896.505760 0.078931 0.525962 0.300071 
1413393896.805760 -0.001025 0.341710 0.042807 
1413393897.055760 0.005033 0.246566 0.064867 
1413393897.355761 0.015790 0.300670 0.093864 
1413393897.605761 0.010792 0.228398 0.082602 
1413393897.855761 -0.012744 0.238941 0.007228 
1413393898.105761 -0.013669 0.225378 0.005759 
1413393898.355761 -0.019297 0.196394 -0.010815 
1413393898.605761 -0.009293 0.210843 0.017258 
1413393898.805760 -0.010986 0.222227 0.013288 
1413393899.055760 -0.007475 0.238777 0.022555 
1413393899.305760 -0.012069 0.186924 0.010177 
1413393899.555760 -0.014768 0.118061 0.001844 
1413393899.655761 -0.013444 0.123086 0.005831 
1413393899.755760 -0.014330 0.127349 0.004201 
1413393899.855761 -0.018807 0.133105 0.002905 
1413393900.005760 -0.018468 0.136770 0.004121 
1413393900.305760 -0.017697 0.139287 0.003595 
1413393900.605761 -0.015809 0.110579 0.014221 
1413393900.905761 -0.014985 0.146359 0.011001 
1413393901.205760 -0.011413 0.107944 0.019869 
1413393901.555760 -0.009742 0.142227 0.027774 
1413393901.855761 -0.008589 0.144772 0.027830 
1413393902.155761 -0.008367 0.141854 0.028102 
1413393902.505760 -0.006431 0.145311 0.033957 
1413393902.805760 -0.010561 0.146093 0.025585 
1413393903.155761 -0.011028 0.143396 0.023284 
1413393903.505760 -0.009122 0.152460 0.027965 
1413393903.855761 -0.008717 0.158261 0.030660 
1413393904.055760 -0.009316 0.153827 0.027438 
1413393904.305760 -0.010106 0.156355 0.026814 
1413393904.555760 -0.009921 0.159191 0.028571 
1413393904.805760 -0.010189 0.158013 0.028508 
1413393905.105761 -0.009425 0.157215 0.030319 
1413393905.355761 -0.009268 0.153305 0.033774 
1413393905.555760 -0.009000 0.153895 0.034638 
1413393905.705760 -0.008344 0.157272 0.039509 
1413393905.855761 -0.008115 0.156935 0.039745 
1413393906.005760 -0.007977 0.156269 0.040608 
1413393906.105761 -0.008142 0.157281 0.040219 
1413393906.255760 -0.007952 0.157697 0.040602 
