1413393891.055760 2.821374 2.821374 0.286126 0.026585 0.001277 0.000546 
1413393891.155761 2.832572 2.832572 0.287265 0.028192 0.001396 0.000978 
1413393891.455760 2.906835 2.906831 0.294870 0.059901 0.003443 0.001538 
1413393891.605761 2.914220 2.914216 0.295623 0.061006 0.003509 0.001632 
1413393891.755760 2.914410 2.914406 0.295642 0.061028 0.003580 0.001750 
1413393891.905761 2.914600 2.914596 0.295663 0.061559 0.003659 0.001851 
1413393892.055760 2.940418 2.940413 0.298258 0.063548 0.003897 0.002290 
1413393892.255760 2.940874 2.940869 0.298303 0.063457 0.003904 0.002318 
1413393892.405761 2.944153 2.944147 0.298649 0.069408 0.004975 0.002664 
1413393892.555760 2.944341 2.944335 0.298667 0.069350 0.004981 0.002666 
1413393892.705760 2.961540 2.961531 0.300456 0.083908 0.007312 0.002903 
1413393892.855761 2.961726 2.961718 0.300476 0.084170 0.007334 0.002914 
1413393893.005760 2.961913 2.961905 0.300495 0.084348 0.007366 0.002916 
1413393893.155761 2.962100 2.962091 0.300515 0.084540 0.007414 0.002925 
1413393893.305760 2.962286 2.962278 0.300535 0.084781 0.007473 0.002932 
1413393893.455760 2.962474 2.962466 0.300554 0.084878 0.007513 0.002938 
1413393893.655761 2.962926 2.962917 0.300601 0.085223 0.007589 0.002954 
1413393893.855761 2.963975 2.963967 0.300709 0.085910 0.007733 0.003008 
1413393894.055760 2.965024 2.965016 0.300815 0.086398 0.007823 0.003071 
1413393894.255760 2.966072 2.966065 0.300922 0.086586 0.007863 0.003113 
1413393894.505760 3.020875 3.020856 0.306461 0.097323 0.009554 0.003351 
1413393894.805760 3.027712 3.027695 0.307112 0.099547 0.009640 0.003464 
1413393895.055760 3.034534 3.034518 0.307811 0.099631 0.009692 0.003527 
1413393895.305760 3.161836 3.161751 0.320526 0.109793 0.011311 0.003874 
1413393895.555760 3.165590 3.165503 0.320894 0.110361 0.011302 0.003876 
1413393895.755760 3.167535 3.167447 0.321091 0.110435 0.011301 0.003883 
1413393896.005760 3.169477 3.169389 0.321290 0.110364 0.011349 0.004004 
1413393896.205760 3.171419 3.171328 0.321488 0.110512 0.011612 0.004657 
1413393896.505760 3.174864 3.174769 0.321843 0.111018 0.013230 0.007755 
1413393896.805760 3.185978 3.185864 0.322993 0.113910 0.022025 0.018449 
1413393897.055760 3.192423 3.192296 0.323656 0.115862 0.028367 0.025387 
1413393897.355761 3.198819 3.198694 0.324293 0.118778 0.035229 0.033843 
1413393897.605761 3.205180 3.205072 0.324966 0.121647 0.042286 0.041150 
1413393897.855761 3.279458 3.279248 0.332661 0.131959 0.055637 0.053336 
1413393898.105761 3.283028 3.282820 0.333039 0.132337 0.058208 0.056139 
1413393898.355761 3.286591 3.286386 0.333425 0.133289 0.060881 0.058908 
1413393898.605761 3.290144 3.289939 0.333787 0.137159 0.063784 0.061441 
1413393898.805760 3.291988 3.291779 0.333972 0.139229 0.065340 0.062584 
1413393899.055760 3.293827 3.293617 0.334160 0.140090 0.066888 0.064376 
1413393899.305760 3.297371 3.297157 0.334602 0.146489 0.069841 0.068275 
1413393899.555760 3.371143 3.371060 0.342330 0.162820 0.103028 0.099463 
1413393899.655761 3.371415 3.371332 0.342354 0.162871 0.103146 0.099545 
1413393899.755760 3.371428 3.371346 0.342360 0.162770 0.103158 0.099531 
1413393899.855761 3.411184 3.411071 0.346481 0.179181 0.119053 0.111882 
1413393900.005760 3.411234 3.411121 0.346487 0.179400 0.119076 0.111927 
1413393900.305760 3.412675 3.412561 0.346638 0.181076 0.119665 0.113373 
1413393900.605761 3.422877 3.422783 0.347773 0.186934 0.123901 0.120988 
1413393900.905761 3.437766 3.437682 0.349181 0.193406 0.129727 0.126766 
1413393901.205760 3.486743 3.486634 0.354483 0.202370 0.147175 0.145950 
1413393901.555760 3.502718 3.502613 0.356312 0.205929 0.152021 0.150852 
1413393901.855761 3.518618 3.518510 0.358375 0.219872 0.157166 0.153665 
1413393902.155761 3.528529 3.528430 0.359434 0.222395 0.160171 0.155372 
1413393902.505760 3.544314 3.544227 0.361036 0.224859 0.164700 0.158546 
1413393902.805760 3.560034 3.559955 0.362768 0.227001 0.169123 0.161547 
1413393903.155761 3.575696 3.575619 0.364579 0.228171 0.173367 0.164880 
1413393903.505760 3.600301 3.600207 0.366948 0.230804 0.179879 0.170742 
1413393903.855761 3.624696 3.624601 0.369000 0.233919 0.186722 0.178537 
1413393904.055760 3.629582 3.629486 0.369538 0.234677 0.188365 0.181112 
1413393904.305760 3.631246 3.631150 0.369719 0.234751 0.188972 0.181959 
1413393904.555760 3.634455 3.634358 0.370146 0.235279 0.190139 0.183511 
1413393904.805760 3.637657 3.637559 0.370494 0.235478 0.191364 0.184910 
1413393905.105761 3.643220 3.643119 0.371003 0.236916 0.193635 0.186452 
1413393905.355761 3.648757 3.648656 0.371494 0.238030 0.196124 0.188276 
1413393905.555760 3.650397 3.650299 0.371661 0.238237 0.196931 0.188906 
1413393905.705760 3.687311 3.687197 0.375748 0.238819 0.209312 0.204501 
1413393905.855761 3.687458 3.687344 0.375761 0.238903 0.209370 0.204573 
1413393906.005760 3.687605 3.687491 0.375782 0.238940 0.209435 0.204641 
1413393906.105761 3.687649 3.687536 0.375788 0.238937 0.209461 0.204646 
1413393906.255760 3.687695 3.687581 0.375790 0.238964 0.209478 0.204627 
