1413393891.055760 -0.108701 9.555648 2.216730 -0.141314 9.358894 2.937214 
1413393891.155761 -0.004037 9.411656 2.767095 -0.141208 9.359207 2.936224 
1413393891.455760 -0.274698 9.529506 2.312826 -0.141911 9.359494 2.935274 
1413393891.605761 -0.494590 9.550056 2.188130 -0.142190 9.359559 2.935054 
1413393891.755760 -0.267369 9.507257 2.403473 -0.142026 9.359345 2.935743 
1413393891.905761 -0.298737 9.517560 2.358582 -0.142281 9.359292 2.935903 
1413393892.055760 -0.587227 9.518557 2.299643 -0.142499 9.359152 2.936339 
1413393892.255760 -0.495049 9.498235 2.403032 -0.142769 9.358946 2.936979 
1413393892.405761 -0.600439 9.501142 2.367254 -0.143126 9.358961 2.936915 
1413393892.555760 -0.609394 9.500738 2.366583 -0.143357 9.358973 2.936867 
1413393892.705760 -0.241384 9.409995 2.762216 -0.143270 9.359035 2.936672 
1413393892.855761 -0.220107 9.421802 2.723474 -0.143140 9.359141 2.936341 
1413393893.005760 -0.185803 9.420648 2.730017 -0.143195 9.359136 2.936355 
1413393893.155761 -0.205445 9.421154 2.726858 -0.143082 9.359112 2.936438 
1413393893.305760 -0.198051 9.425450 2.712520 -0.142977 9.359073 2.936568 
1413393893.455760 -0.166747 9.420591 2.731439 -0.143047 9.359047 2.936646 
1413393893.655761 -0.126837 9.418010 2.742463 -0.142865 9.359028 2.936716 
1413393893.855761 -0.050083 9.401449 2.801135 -0.142928 9.358994 2.936821 
1413393894.055760 -0.054381 9.396227 2.818524 -0.143069 9.358980 2.936857 
1413393894.255760 -0.026032 9.402875 2.796670 -0.143120 9.358981 2.936850 
1413393894.505760 0.330476 9.288130 3.139673 -0.142401 9.359147 2.936358 
1413393894.805760 0.223602 9.277135 3.181332 -0.142702 9.359212 2.936136 
1413393895.055760 0.296811 9.271565 3.191565 -0.142792 9.359173 2.936255 
1413393895.305760 0.355874 9.229833 3.304489 -0.141896 9.359654 2.934765 
1413393895.555760 0.429831 9.217504 3.330011 -0.142385 9.359594 2.934932 
1413393895.755760 0.426111 9.215898 3.334932 -0.142116 9.359627 2.934843 
1413393896.005760 0.500311 9.214757 3.327771 -0.142035 9.359550 2.935087 
1413393896.205760 0.369037 9.222665 3.323005 -0.141750 9.359535 2.935151 
1413393896.505760 0.379195 9.253355 3.235388 -0.141745 9.359387 2.935623 
1413393896.805760 0.199501 9.344657 2.978875 -0.141200 9.359364 2.935726 
1413393897.055760 0.104191 9.339664 2.999321 -0.141110 9.359375 2.935694 
1413393897.355761 0.157851 9.328857 3.030447 -0.140713 9.358444 2.938677 
1413393897.605761 0.085893 9.334018 3.017424 -0.140535 9.358168 2.939567 
1413393897.855761 0.097909 9.358178 2.941262 -0.137833 9.357842 2.940729 
1413393898.105761 0.084724 9.358844 2.939553 -0.137273 9.357758 2.941026 
1413393898.355761 0.055825 9.364209 2.923111 -0.136911 9.357785 2.940957 
1413393898.605761 0.070588 9.354820 2.952704 -0.136852 9.357078 2.943207 
1413393898.805760 0.081884 9.356056 2.948492 -0.136512 9.357090 2.943184 
1413393899.055760 0.098279 9.352836 2.958194 -0.136390 9.356731 2.944330 
1413393899.305760 0.046268 9.357434 2.944894 -0.136658 9.357093 2.943170 
1413393899.555760 -0.022202 9.359736 2.937847 -0.133929 9.355368 2.948773 
1413393899.655761 -0.017357 9.358724 2.941106 -0.134123 9.355407 2.948640 
1413393899.755760 -0.013112 9.359317 2.939239 -0.133793 9.355382 2.948735 
1413393899.855761 -0.008399 9.360703 2.934841 -0.132200 9.355368 2.948852 
1413393900.005760 -0.004838 9.360368 2.935916 -0.132161 9.355276 2.949145 
1413393900.305760 -0.002008 9.360025 2.937012 -0.131572 9.354765 2.950792 
1413393900.605761 -0.031269 9.357294 2.945534 -0.134416 9.355528 2.948243 
1413393900.905761 0.004557 9.358106 2.943118 -0.130486 9.354093 2.952970 
1413393901.205760 -0.034194 9.355319 2.951770 -0.132888 9.354319 2.952146 
1413393901.555760 0.000317 9.352858 2.959755 -0.129353 9.352164 2.959123 
1413393901.855761 0.002640 9.352802 2.959929 -0.128749 9.351606 2.960911 
1413393902.155761 -0.000114 9.352661 2.960377 -0.128525 9.351428 2.961483 
1413393902.505760 0.003542 9.350735 2.966456 -0.128079 9.350572 2.964205 
1413393902.805760 0.004378 9.353727 2.957004 -0.125636 9.350765 2.963701 
1413393903.155761 0.001584 9.354376 2.954955 -0.124898 9.350606 2.964234 
1413393903.505760 0.010932 9.352836 2.959808 -0.123066 9.349271 2.968518 
1413393903.855761 0.016829 9.352033 2.962316 -0.120984 9.348247 2.971827 
1413393904.055760 0.012448 9.352839 2.959790 -0.120580 9.348404 2.971350 
1413393904.305760 0.014954 9.353124 2.958879 -0.119861 9.348297 2.971715 
1413393904.555760 0.017791 9.352646 2.960373 -0.119421 9.348012 2.972630 
1413393904.805760 0.016851 9.352736 2.960097 -0.119042 9.348066 2.972473 
1413393905.105761 0.016299 9.352078 2.962174 -0.118820 9.347801 2.973316 
1413393905.355761 0.012757 9.351014 2.965549 -0.119214 9.347675 2.973695 
1413393905.555760 0.013407 9.350783 2.966274 -0.119036 9.347598 2.973945 
1413393905.705760 0.017056 9.349570 2.970077 -0.115915 9.346543 2.977380 
1413393905.855761 0.016757 9.349483 2.970353 -0.115997 9.346546 2.977368 
1413393906.005760 0.016195 9.349243 2.971112 -0.116199 9.346556 2.977332 
1413393906.105761 0.017161 9.349383 2.970665 -0.115944 9.346528 2.977429 
1413393906.255760 0.017644 9.349306 2.970905 -0.115882 9.346523 2.977445 
