1413393906.505760 20 1413393906.405761 0 
1413393906.555760 10 1413393906.505760 1 
1413393906.605761 10 1413393906.555760 1 
1413393906.655761 10 1413393906.605761 1 
1413393906.755760 50 1413393906.505760 0 
1413393906.805760 10 1413393906.755760 1 
1413393906.905761 20 1413393906.805760 1 
1413393906.955760 10 1413393906.905761 1 
1413393907.055760 20 1413393906.955760 1 
1413393907.155761 80 1413393906.755760 0 
1413393907.205760 10 1413393907.155761 1 
1413393907.255760 10 1413393907.205760 1 
1413393907.355761 20 1413393907.255760 1 
1413393907.405761 10 1413393907.355761 1 
1413393907.505760 70 1413393907.155761 0 
1413393907.555760 10 1413393907.505760 1 
1413393907.655761 20 1413393907.555760 1 
1413393907.705760 10 1413393907.655761 1 
1413393907.805760 60 1413393907.505760 0 
1413393907.855761 70 1413393907.505760 0 
1413393907.905761 10 1413393907.855761 1 
1413393907.955760 10 1413393907.905761 1 
1413393908.055760 20 1413393907.955760 1 
1413393908.105761 10 1413393908.055760 1 
1413393908.205760 70 1413393907.855761 0 
1413393908.255760 10 1413393908.205760 1 
1413393908.305760 10 1413393908.255760 1 
1413393908.405761 20 1413393908.305760 1 
1413393908.505760 20 1413393908.405761 1 
1413393908.555760 70 1413393908.205760 0 
1413393908.605761 10 1413393908.555760 1 
1413393908.655761 10 1413393908.605761 1 
1413393908.755760 20 1413393908.655761 1 
1413393908.855761 60 1413393908.555760 0 
1413393908.905761 10 1413393908.855761 1 
1413393908.955760 10 1413393908.905761 1 
1413393909.055760 20 1413393908.955760 1 
1413393909.105761 50 1413393908.855761 0 
1413393909.155761 10 1413393909.105761 1 
1413393909.205760 10 1413393909.155761 1 
1413393909.305760 20 1413393909.205760 1 
1413393909.405761 60 1413393909.105761 0 
1413393909.455760 10 1413393909.405761 1 
1413393909.505760 10 1413393909.455760 1 
1413393909.655761 30 1413393909.505760 1 
1413393909.705760 60 1413393909.405761 0 
1413393909.755760 10 1413393909.705760 1 
1413393909.805760 10 1413393909.755760 1 
1413393909.905761 20 1413393909.805760 1 
1413393910.005760 60 1413393909.705760 0 
1413393910.055760 10 1413393910.005760 1 
1413393910.105761 10 1413393910.055760 1 
1413393910.205760 20 1413393910.105761 1 
1413393910.255760 50 1413393910.005760 0 
1413393910.305760 10 1413393910.255760 1 
1413393910.405761 20 1413393910.305760 1 
1413393910.455760 10 1413393910.405761 1 
1413393910.555760 60 1413393910.255760 0 
1413393910.605761 10 1413393910.555760 1 
1413393910.655761 10 1413393910.605761 1 
1413393910.755760 20 1413393910.655761 1 
1413393910.855761 60 1413393910.555760 0 
1413393910.905761 10 1413393910.855761 1 
1413393910.955760 10 1413393910.905761 1 
1413393911.055760 20 1413393910.955760 1 
1413393911.105761 10 1413393911.055760 1 
1413393911.205760 60 1413393910.905761 0 
1413393911.255760 10 1413393911.205760 1 
1413393911.305760 10 1413393911.255760 1 
1413393911.355761 10 1413393911.305760 1 
1413393911.455760 50 1413393911.205760 0 
1413393911.505760 10 1413393911.455760 1 
1413393911.555760 10 1413393911.505760 1 
1413393911.655761 20 1413393911.555760 1 
1413393911.705760 50 1413393911.455760 0 
1413393911.755760 10 1413393911.705760 1 
1413393911.855761 20 1413393911.755760 1 
1413393911.905761 10 1413393911.855761 1 
1413393912.005760 60 1413393911.705760 0 
1413393912.055760 10 1413393912.005760 1 
1413393912.105761 10 1413393912.055760 1 
1413393912.155761 30 1413393912.005760 0 
1413393912.205760 10 1413393912.155761 1 
1413393912.305760 20 1413393912.205760 1 
1413393912.355761 10 1413393912.305760 1 
1413393912.405761 10 1413393912.355761 1 
1413393912.505760 60 1413393912.205760 0 
1413393912.555760 10 1413393912.505760 1 
1413393912.605761 10 1413393912.555760 1 
1413393912.655761 10 1413393912.605761 1 
1413393912.755760 50 1413393912.505760 0 
1413393912.805760 10 1413393912.755760 1 
1413393912.855761 10 1413393912.805760 1 
1413393912.955760 40 1413393912.755760 0 
1413393913.005760 10 1413393912.955760 1 
1413393913.055760 10 1413393913.005760 1 
1413393913.105761 10 1413393913.055760 1 
1413393913.205760 50 1413393912.955760 0 
1413393913.255760 10 1413393913.205760 1 
1413393913.305760 10 1413393913.255760 1 
1413393913.405761 20 1413393913.305760 1 
1413393913.455760 10 1413393913.405761 1 
1413393913.555760 60 1413393913.255760 0 
1413393913.605761 10 1413393913.555760 1 
1413393913.655761 10 1413393913.605761 1 
1413393913.755760 40 1413393913.555760 0 
1413393913.805760 10 1413393913.755760 1 
1413393913.905761 20 1413393913.805760 1 
1413393913.955760 40 1413393913.755760 0 
1413393914.005760 10 1413393913.955760 1 
1413393914.055760 10 1413393914.005760 1 
1413393914.155761 40 1413393913.955760 0 
1413393914.205760 10 1413393914.155761 1 
1413393914.255760 10 1413393914.205760 1 
1413393914.355761 40 1413393914.155761 0 
1413393914.405761 10 1413393914.355761 1 
1413393914.455760 10 1413393914.405761 1 
1413393914.555760 40 1413393914.355761 0 
1413393914.605761 10 1413393914.555760 1 
1413393914.655761 10 1413393914.605761 1 
1413393914.755760 40 1413393914.555760 0 
1413393914.805760 10 1413393914.755760 1 
1413393914.855761 10 1413393914.805760 1 
1413393914.955760 40 1413393914.755760 0 
1413393915.005760 10 1413393914.955760 1 
1413393915.055760 10 1413393915.005760 1 
1413393915.105761 10 1413393915.055760 1 
1413393915.205760 40 1413393915.005760 0 
1413393915.255760 10 1413393915.205760 1 
1413393915.305760 10 1413393915.255760 1 
1413393915.405761 40 1413393915.205760 0 
1413393915.455760 10 1413393915.405761 1 
1413393915.505760 10 1413393915.455760 1 
1413393915.555760 30 1413393915.405761 0 
1413393915.605761 10 1413393915.555760 1 
1413393915.655761 10 1413393915.605761 1 
1413393915.755760 40 1413393915.555760 0 
1413393915.805760 10 1413393915.755760 1 
1413393915.855761 10 1413393915.805760 1 
1413393915.955760 40 1413393915.755760 0 
1413393916.005760 10 1413393915.955760 1 
1413393916.105761 20 1413393916.005760 1 
1413393916.155761 10 1413393916.105761 1 
1413393916.205760 40 1413393916.005760 0 
1413393916.255760 10 1413393916.205760 1 
1413393916.355761 20 1413393916.255760 1 
1413393916.405761 40 1413393916.205760 0 
1413393916.455760 10 1413393916.405761 1 
1413393916.505760 10 1413393916.455760 1 
1413393916.605761 20 1413393916.505760 1 
1413393916.705760 60 1413393916.405761 0 
1413393916.755760 10 1413393916.705760 1 
1413393916.805760 10 1413393916.755760 1 
1413393916.855761 10 1413393916.805760 1 
1413393916.955760 50 1413393916.705760 0 
1413393917.005760 10 1413393916.955760 1 
1413393917.055760 10 1413393917.005760 1 
1413393917.105761 30 1413393916.955760 0 
1413393917.155761 10 1413393917.105761 1 
1413393917.205760 10 1413393917.155761 1 
1413393917.305760 20 1413393917.205760 1 
1413393917.355761 50 1413393917.105761 0 
1413393917.405761 10 1413393917.355761 1 
1413393917.455760 10 1413393917.405761 1 
1413393917.555760 40 1413393917.355761 0 
1413393917.605761 10 1413393917.555760 1 
1413393917.655761 10 1413393917.605761 1 
1413393917.755760 20 1413393917.655761 1 
1413393917.805760 50 1413393917.555760 0 
1413393917.855761 10 1413393917.805760 1 
1413393917.905761 10 1413393917.855761 1 
1413393918.005760 40 1413393917.805760 0 
1413393918.055760 10 1413393918.005760 1 
1413393918.105761 10 1413393918.055760 1 
1413393918.205760 40 1413393918.005760 0 
1413393918.255760 10 1413393918.205760 1 
1413393918.305760 10 1413393918.255760 1 
1413393918.355761 30 1413393918.205760 0 
1413393918.405761 10 1413393918.355761 1 
1413393918.455760 10 1413393918.405761 1 
1413393918.555760 40 1413393918.355761 0 
1413393918.605761 10 1413393918.555760 1 
1413393918.655761 10 1413393918.605761 1 
1413393918.705760 10 1413393918.655761 1 
1413393918.805760 50 1413393918.555760 0 
1413393918.855761 10 1413393918.805760 1 
1413393918.905761 10 1413393918.855761 1 
1413393919.005760 20 1413393918.905761 1 
1413393919.105761 60 1413393918.805760 0 
1413393919.155761 10 1413393919.105761 1 
1413393919.205760 20 1413393919.105761 0 
1413393919.255760 10 1413393919.205760 1 
1413393919.305760 40 1413393919.105761 0 
1413393919.355761 10 1413393919.305760 1 
1413393919.405761 10 1413393919.355761 1 
1413393919.455760 30 1413393919.305760 0 
1413393919.505760 10 1413393919.455760 1 
1413393919.555760 10 1413393919.505760 1 
1413393919.655761 20 1413393919.555760 1 
1413393919.705760 10 1413393919.655761 1 
1413393919.855761 30 1413393919.705760 1 
1413393919.905761 10 1413393919.855761 1 
1413393920.005760 20 1413393919.905761 1 
1413393920.105761 50 1413393919.855761 0 
1413393920.155761 10 1413393920.105761 1 
1413393920.205760 10 1413393920.155761 1 
1413393920.255760 10 1413393920.205760 1 
1413393920.355761 40 1413393920.155761 0 
1413393920.405761 10 1413393920.355761 1 
1413393920.455760 10 1413393920.405761 1 
1413393920.505760 10 1413393920.455760 1 
1413393920.555760 10 1413393920.505760 1 
1413393920.655761 20 1413393920.555760 1 
1413393920.755760 20 1413393920.655761 1 
1413393920.805760 10 1413393920.755760 1 
1413393920.905761 50 1413393920.655761 0 
1413393920.955760 10 1413393920.905761 1 
1413393921.005760 10 1413393920.955760 1 
1413393921.055760 30 1413393920.905761 0 
1413393921.105761 10 1413393921.055760 1 
1413393921.205760 20 1413393921.105761 1 
1413393921.255760 10 1413393921.205760 1 
1413393921.305760 10 1413393921.255760 1 
1413393921.405761 20 1413393921.305760 1 
1413393921.455760 10 1413393921.405761 1 
1413393921.555760 50 1413393921.305760 0 
1413393921.605761 10 1413393921.555760 1 
1413393921.655761 10 1413393921.605761 1 
1413393921.705760 30 1413393921.555760 0 
1413393921.755760 10 1413393921.705760 1 
1413393921.805760 10 1413393921.755760 1 
1413393921.905761 20 1413393921.805760 1 
1413393921.955760 10 1413393921.905761 1 
1413393922.055760 20 1413393921.955760 1 
1413393922.105761 10 1413393922.055760 1 
1413393922.205760 20 1413393922.105761 1 
1413393922.255760 40 1413393922.055760 0 
1413393922.305760 10 1413393922.255760 1 
1413393922.355761 10 1413393922.305760 1 
1413393922.455760 40 1413393922.255760 0 
1413393922.505760 10 1413393922.455760 1 
1413393922.555760 10 1413393922.505760 1 
1413393922.655761 40 1413393922.455760 0 
1413393922.705760 10 1413393922.655761 1 
1413393922.755760 10 1413393922.705760 1 
1413393922.805760 10 1413393922.755760 1 
1413393922.905761 20 1413393922.805760 1 
1413393922.955760 10 1413393922.905761 1 
1413393923.055760 50 1413393922.805760 0 
1413393923.105761 10 1413393923.055760 1 
1413393923.155761 10 1413393923.105761 1 
1413393923.255760 40 1413393923.055760 0 
1413393923.305760 10 1413393923.255760 1 
1413393923.355761 10 1413393923.305760 1 
1413393923.405761 10 1413393923.355761 1 
1413393923.505760 40 1413393923.305760 0 
1413393923.555760 10 1413393923.505760 1 
1413393923.605761 10 1413393923.555760 1 
1413393923.705760 40 1413393923.505760 0 
1413393923.755760 10 1413393923.705760 1 
1413393923.805760 10 1413393923.755760 1 
1413393923.855761 30 1413393923.705760 0 
1413393923.905761 10 1413393923.855761 1 
1413393923.955760 10 1413393923.905761 1 
1413393924.055760 40 1413393923.855761 0 
1413393924.105761 10 1413393924.055760 1 
1413393924.155761 10 1413393924.105761 1 
1413393924.255760 40 1413393924.055760 0 
1413393924.305760 10 1413393924.255760 1 
1413393924.355761 10 1413393924.305760 1 
1413393924.405761 30 1413393924.255760 0 
1413393924.455760 10 1413393924.405761 1 
1413393924.505760 10 1413393924.455760 1 
1413393924.555760 10 1413393924.505760 1 
1413393924.655761 40 1413393924.455760 0 
1413393924.705760 10 1413393924.655761 1 
1413393924.755760 10 1413393924.705760 1 
1413393924.855761 40 1413393924.655761 0 
1413393924.905761 10 1413393924.855761 1 
1413393924.955760 10 1413393924.905761 1 
1413393925.005760 30 1413393924.855761 0 
1413393925.055760 10 1413393925.005760 1 
1413393925.105761 10 1413393925.055760 1 
1413393925.205760 40 1413393925.005760 0 
1413393925.255760 10 1413393925.205760 1 
1413393925.305760 10 1413393925.255760 1 
1413393925.405761 40 1413393925.205760 0 
1413393925.455760 10 1413393925.405761 1 
1413393925.505760 10 1413393925.455760 1 
1413393925.555760 30 1413393925.405761 0 
1413393925.605761 10 1413393925.555760 1 
1413393925.655761 10 1413393925.605761 1 
1413393925.755760 20 1413393925.655761 1 
1413393925.805760 10 1413393925.755760 1 
1413393925.905761 50 1413393925.655761 0 
1413393925.955760 10 1413393925.905761 1 
1413393926.005760 10 1413393925.955760 1 
1413393926.055760 10 1413393926.005760 1 
1413393926.155761 20 1413393926.055760 1 
1413393926.205760 10 1413393926.155761 1 
1413393926.305760 20 1413393926.205760 1 
1413393926.405761 50 1413393926.155761 0 
1413393926.455760 10 1413393926.405761 1 
1413393926.505760 10 1413393926.455760 1 
1413393926.555760 10 1413393926.505760 1 
1413393926.655761 20 1413393926.555760 1 
1413393926.705760 10 1413393926.655761 1 
1413393926.805760 20 1413393926.705760 1 
1413393926.905761 50 1413393926.655761 0 
1413393926.955760 10 1413393926.905761 1 
1413393927.005760 10 1413393926.955760 1 
1413393927.055760 10 1413393927.005760 1 
1413393927.105761 10 1413393927.055760 1 
1413393927.205760 20 1413393927.105761 1 
1413393927.255760 10 1413393927.205760 1 
1413393927.355761 20 1413393927.255760 1 
1413393927.405761 40 1413393927.205760 0 
1413393927.455760 10 1413393927.405761 1 
1413393927.505760 10 1413393927.455760 1 
1413393927.605761 40 1413393927.405761 0 
1413393927.655761 10 1413393927.605761 1 
1413393927.705760 10 1413393927.655761 1 
1413393927.805760 40 1413393927.605761 0 
1413393927.855761 10 1413393927.805760 1 
1413393927.905761 10 1413393927.855761 1 
1413393928.005760 40 1413393927.805760 0 
1413393928.055760 10 1413393928.005760 1 
1413393928.105761 10 1413393928.055760 1 
1413393928.205760 40 1413393928.005760 0 
1413393928.255760 10 1413393928.205760 1 
1413393928.305760 10 1413393928.255760 1 
1413393928.355761 10 1413393928.305760 1 
1413393928.455760 20 1413393928.355761 1 
1413393928.555760 20 1413393928.455760 1 
1413393928.605761 60 1413393928.305760 0 
1413393928.655761 10 1413393928.605761 1 
1413393928.705760 10 1413393928.655761 1 
1413393928.755760 10 1413393928.705760 1 
1413393928.855761 50 1413393928.605761 0 
1413393928.905761 10 1413393928.855761 1 
1413393928.955760 10 1413393928.905761 1 
1413393929.005760 10 1413393928.955760 1 
1413393929.055760 40 1413393928.855761 0 
1413393929.105761 10 1413393929.055760 1 
1413393929.155761 10 1413393929.105761 1 
1413393929.205760 10 1413393929.155761 1 
1413393929.255760 10 1413393929.205760 1 
1413393929.355761 20 1413393929.255760 1 
1413393929.405761 10 1413393929.355761 1 
1413393929.505760 20 1413393929.405761 1 
1413393929.555760 40 1413393929.355761 0 
1413393929.605761 10 1413393929.555760 1 
1413393929.655761 10 1413393929.605761 1 
1413393929.705760 10 1413393929.655761 1 
1413393929.805760 20 1413393929.705760 1 
1413393929.855761 10 1413393929.805760 1 
1413393929.955760 20 1413393929.855761 1 
1413393930.005760 10 1413393929.955760 1 
1413393930.105761 20 1413393930.005760 1 
1413393930.155761 60 1413393929.855761 0 
1413393930.205760 10 1413393930.155761 1 
1413393930.255760 10 1413393930.205760 1 
1413393930.355761 20 1413393930.255760 1 
1413393930.405761 50 1413393930.155761 0 
1413393930.455760 10 1413393930.405761 1 
1413393930.505760 10 1413393930.455760 1 
1413393930.605761 20 1413393930.505760 1 
1413393930.655761 10 1413393930.605761 1 
1413393930.755760 20 1413393930.655761 1 
1413393930.805760 10 1413393930.755760 1 
1413393930.905761 20 1413393930.805760 1 
1413393931.005760 70 1413393930.655761 0 
1413393931.055760 10 1413393931.005760 1 
1413393931.105761 10 1413393931.055760 1 
1413393931.155761 10 1413393931.105761 1 
1413393931.255760 50 1413393931.005760 0 
1413393931.305760 10 1413393931.255760 1 
1413393931.355761 10 1413393931.305760 1 
1413393931.455760 20 1413393931.355761 1 
1413393931.505760 50 1413393931.255760 0 
1413393931.555760 10 1413393931.505760 1 
1413393931.655761 20 1413393931.555760 1 
1413393931.705760 10 1413393931.655761 1 
1413393931.755760 50 1413393931.505760 0 
1413393931.805760 10 1413393931.755760 1 
1413393931.855761 10 1413393931.805760 1 
1413393931.955760 20 1413393931.855761 1 
1413393932.005760 50 1413393931.755760 0 
1413393932.055760 10 1413393932.005760 1 
1413393932.105761 10 1413393932.055760 1 
1413393932.205760 20 1413393932.105761 1 
1413393932.255760 50 1413393932.005760 0 
1413393932.305760 10 1413393932.255760 1 
1413393932.405761 20 1413393932.305760 1 
1413393932.455760 10 1413393932.405761 1 
1413393932.505760 50 1413393932.255760 0 
1413393932.555760 10 1413393932.505760 1 
1413393932.605761 10 1413393932.555760 1 
1413393932.705760 20 1413393932.605761 1 
1413393932.755760 50 1413393932.505760 0 
1413393932.805760 10 1413393932.755760 1 
1413393932.855761 10 1413393932.805760 1 
1413393932.905761 10 1413393932.855761 1 
1413393933.005760 50 1413393932.755760 0 
1413393933.055760 10 1413393933.005760 1 
1413393933.105761 10 1413393933.055760 1 
1413393933.155761 10 1413393933.105761 1 
1413393933.255760 50 1413393933.005760 0 
1413393933.305760 10 1413393933.255760 1 
1413393933.355761 10 1413393933.305760 1 
1413393933.405761 10 1413393933.355761 1 
1413393933.505760 50 1413393933.255760 0 
1413393933.555760 10 1413393933.505760 1 
1413393933.605761 10 1413393933.555760 1 
1413393933.655761 10 1413393933.605761 1 
1413393933.755760 20 1413393933.655761 1 
1413393933.805760 10 1413393933.755760 1 
1413393933.905761 60 1413393933.605761 0 
1413393933.955760 10 1413393933.905761 1 
1413393934.005760 10 1413393933.955760 1 
1413393934.105761 20 1413393934.005760 1 
1413393934.155761 50 1413393933.905761 0 
1413393934.205760 10 1413393934.155761 1 
1413393934.255760 10 1413393934.205760 1 
1413393934.305760 30 1413393934.155761 0 
1413393934.355761 10 1413393934.305760 1 
1413393934.455760 20 1413393934.355761 1 
1413393934.505760 10 1413393934.455760 1 
1413393934.555760 10 1413393934.505760 1 
1413393934.655761 20 1413393934.555760 1 
1413393934.705760 10 1413393934.655761 1 
1413393934.805760 60 1413393934.505760 0 
1413393934.855761 10 1413393934.805760 1 
1413393934.905761 10 1413393934.855761 1 
1413393935.005760 20 1413393934.905761 1 
1413393935.055760 50 1413393934.805760 0 
1413393935.105761 10 1413393935.055760 1 
1413393935.155761 10 1413393935.105761 1 
1413393935.255760 40 1413393935.055760 0 
1413393935.305760 10 1413393935.255760 1 
1413393935.355761 10 1413393935.305760 1 
1413393935.405761 30 1413393935.255760 0 
1413393935.455760 10 1413393935.405761 1 
1413393935.505760 10 1413393935.455760 1 
1413393935.555760 10 1413393935.505760 1 
1413393935.655761 20 1413393935.555760 1 
1413393935.705760 10 1413393935.655761 1 
1413393935.755760 10 1413393935.705760 1 
1413393935.855761 40 1413393935.655761 0 
1413393935.905761 10 1413393935.855761 1 
1413393935.955760 10 1413393935.905761 1 
1413393936.005760 10 1413393935.955760 1 
1413393936.105761 20 1413393936.005760 1 
1413393936.155761 10 1413393936.105761 1 
1413393936.205760 40 1413393936.005760 0 
1413393936.255760 10 1413393936.205760 1 
1413393936.305760 10 1413393936.255760 1 
1413393936.405761 20 1413393936.305760 1 
1413393936.455760 10 1413393936.405761 1 
1413393936.555760 50 1413393936.305760 0 
1413393936.605761 10 1413393936.555760 1 
1413393936.655761 10 1413393936.605761 1 
1413393936.705760 30 1413393936.555760 0 
1413393936.755760 10 1413393936.705760 1 
1413393936.805760 10 1413393936.755760 1 
1413393936.905761 20 1413393936.805760 1 
1413393936.955760 50 1413393936.705760 0 
1413393937.005760 10 1413393936.955760 1 
1413393937.055760 10 1413393937.005760 1 
1413393937.155761 20 1413393937.055760 1 
1413393937.205760 50 1413393936.955760 0 
1413393937.255760 10 1413393937.205760 1 
1413393937.305760 10 1413393937.255760 1 
1413393937.355761 10 1413393937.305760 1 
1413393937.455760 50 1413393937.205760 0 
1413393937.505760 10 1413393937.455760 1 
1413393937.555760 10 1413393937.505760 1 
1413393937.655761 20 1413393937.555760 1 
1413393937.705760 10 1413393937.655761 1 
1413393937.805760 20 1413393937.705760 1 
1413393937.855761 10 1413393937.805760 1 
1413393937.955760 20 1413393937.855761 1 
1413393938.005760 60 1413393937.705760 0 
1413393938.055760 10 1413393938.005760 1 
1413393938.155761 20 1413393938.055760 1 
1413393938.205760 10 1413393938.155761 1 
1413393938.305760 60 1413393938.005760 0 
1413393938.355761 10 1413393938.305760 1 
1413393938.405761 10 1413393938.355761 1 
1413393938.505760 20 1413393938.405761 1 
1413393938.555760 10 1413393938.505760 1 
1413393938.655761 20 1413393938.555760 1 
1413393938.705760 10 1413393938.655761 1 
1413393938.805760 60 1413393938.505760 0 
1413393938.855761 10 1413393938.805760 1 
1413393938.905761 10 1413393938.855761 1 
1413393939.005760 20 1413393938.905761 1 
1413393939.105761 60 1413393938.805760 0 
1413393939.155761 10 1413393939.105761 1 
1413393939.205760 10 1413393939.155761 1 
1413393939.305760 20 1413393939.205760 1 
1413393939.355761 50 1413393939.105761 0 
1413393939.405761 10 1413393939.355761 1 
1413393939.455760 10 1413393939.405761 1 
1413393939.555760 20 1413393939.455760 1 
1413393939.605761 50 1413393939.355761 0 
1413393939.655761 10 1413393939.605761 1 
1413393939.705760 10 1413393939.655761 1 
1413393939.755760 10 1413393939.705760 1 
1413393939.855761 50 1413393939.605761 0 
1413393939.905761 10 1413393939.855761 1 
1413393939.955760 10 1413393939.905761 1 
1413393940.055760 20 1413393939.955760 1 
1413393940.105761 50 1413393939.855761 0 
1413393940.155761 10 1413393940.105761 1 
1413393940.205760 10 1413393940.155761 1 
1413393940.305760 20 1413393940.205760 1 
1413393940.355761 10 1413393940.305760 1 
1413393940.455760 70 1413393940.105761 0 
1413393940.505760 10 1413393940.455760 1 
1413393940.555760 10 1413393940.505760 1 
1413393940.655761 20 1413393940.555760 1 
1413393940.705760 50 1413393940.455760 0 
1413393940.755760 10 1413393940.705760 1 
1413393940.855761 20 1413393940.755760 1 
1413393940.905761 10 1413393940.855761 1 
1413393940.955760 50 1413393940.705760 0 
1413393941.005760 10 1413393940.955760 1 
1413393941.105761 20 1413393941.005760 1 
1413393941.155761 10 1413393941.105761 1 
1413393941.255760 20 1413393941.155761 1 
1413393941.305760 10 1413393941.255760 1 
1413393941.405761 20 1413393941.305760 1 
1413393941.505760 70 1413393941.155761 0 
1413393941.555760 10 1413393941.505760 1 
1413393941.605761 10 1413393941.555760 1 
1413393941.705760 20 1413393941.605761 1 
1413393941.755760 50 1413393941.505760 0 
1413393941.805760 10 1413393941.755760 1 
1413393941.855761 10 1413393941.805760 1 
1413393941.955760 20 1413393941.855761 1 
1413393942.005760 10 1413393941.955760 1 
1413393942.055760 60 1413393941.755760 0 
1413393942.105761 10 1413393942.055760 1 
1413393942.155761 10 1413393942.105761 1 
1413393942.255760 20 1413393942.155761 1 
1413393942.355761 60 1413393942.055760 0 
1413393942.405761 10 1413393942.355761 1 
1413393942.455760 10 1413393942.405761 1 
1413393942.555760 20 1413393942.455760 1 
1413393942.605761 50 1413393942.355761 0 
1413393942.655761 10 1413393942.605761 1 
1413393942.705760 10 1413393942.655761 1 
1413393942.805760 20 1413393942.705760 1 
1413393942.905761 60 1413393942.605761 0 
1413393942.955760 10 1413393942.905761 1 
1413393943.005760 10 1413393942.955760 1 
1413393943.055760 10 1413393943.005760 1 
1413393943.155761 50 1413393942.905761 0 
1413393943.205760 10 1413393943.155761 1 
1413393943.255760 10 1413393943.205760 1 
1413393943.355761 20 1413393943.255760 1 
1413393943.405761 50 1413393943.155761 0 
1413393943.455760 10 1413393943.405761 1 
1413393943.555760 20 1413393943.455760 1 
1413393943.855761 60 1413393943.555760 1 
1413393943.905761 100 1413393943.405761 0 
1413393943.955760 10 1413393943.905761 1 
1413393944.055760 20 1413393943.955760 1 
1413393944.105761 10 1413393944.055760 1 
1413393944.205760 60 1413393943.905761 0 
1413393944.255760 10 1413393944.205760 1 
1413393944.305760 10 1413393944.255760 1 
1413393944.405761 20 1413393944.305760 1 
1413393944.505760 60 1413393944.205760 0 
1413393944.555760 10 1413393944.505760 1 
1413393944.605761 10 1413393944.555760 1 
1413393944.655761 10 1413393944.605761 1 
1413393944.755760 50 1413393944.505760 0 
1413393944.805760 10 1413393944.755760 1 
1413393944.855761 10 1413393944.805760 1 
1413393944.955760 20 1413393944.855761 1 
1413393945.055760 60 1413393944.755760 0 
1413393945.105761 10 1413393945.055760 1 
1413393945.155761 10 1413393945.105761 1 
1413393945.255760 20 1413393945.155761 1 
1413393945.305760 50 1413393945.055760 0 
1413393945.355761 10 1413393945.305760 1 
1413393945.455760 20 1413393945.355761 1 
1413393945.505760 10 1413393945.455760 1 
1413393945.605761 60 1413393945.305760 0 
1413393945.655761 10 1413393945.605761 1 
1413393945.705760 10 1413393945.655761 1 
1413393945.805760 20 1413393945.705760 1 
1413393945.855761 50 1413393945.605761 0 
1413393945.905761 10 1413393945.855761 1 
1413393945.955760 10 1413393945.905761 1 
1413393946.055760 20 1413393945.955760 1 
1413393946.155761 60 1413393945.855761 0 
1413393946.205760 10 1413393946.155761 1 
1413393946.255760 10 1413393946.205760 1 
1413393946.355761 20 1413393946.255760 1 
1413393946.455760 60 1413393946.155761 0 
1413393946.505760 10 1413393946.455760 1 
1413393946.555760 10 1413393946.505760 1 
1413393946.655761 20 1413393946.555760 1 
1413393946.705760 10 1413393946.655761 1 
1413393946.805760 20 1413393946.705760 1 
1413393946.855761 10 1413393946.805760 1 
1413393946.955760 60 1413393946.655761 0 
1413393947.005760 10 1413393946.955760 1 
1413393947.055760 10 1413393947.005760 1 
1413393947.155761 20 1413393947.055760 1 
1413393947.205760 50 1413393946.955760 0 
1413393947.255760 10 1413393947.205760 1 
1413393947.355761 20 1413393947.255760 1 
1413393947.405761 10 1413393947.355761 1 
1413393947.505760 60 1413393947.205760 0 
1413393947.555760 10 1413393947.505760 1 
1413393947.655761 20 1413393947.555760 1 
1413393947.705760 10 1413393947.655761 1 
1413393947.805760 60 1413393947.505760 0 
1413393947.855761 10 1413393947.805760 1 
1413393947.905761 10 1413393947.855761 1 
1413393948.005760 20 1413393947.905761 1 
1413393948.105761 60 1413393947.805760 0 
1413393948.155761 10 1413393948.105761 1 
1413393948.205760 10 1413393948.155761 1 
1413393948.305760 20 1413393948.205760 1 
1413393948.355761 50 1413393948.105761 0 
1413393948.405761 10 1413393948.355761 1 
1413393948.505760 20 1413393948.405761 1 
1413393948.555760 10 1413393948.505760 1 
1413393948.605761 10 1413393948.555760 1 
1413393948.705760 20 1413393948.605761 1 
1413393948.805760 20 1413393948.705760 1 
1413393948.855761 60 1413393948.555760 0 
1413393948.905761 10 1413393948.855761 1 
1413393948.955760 10 1413393948.905761 1 
1413393949.055760 20 1413393948.955760 1 
1413393949.155761 20 1413393949.055760 1 
1413393949.205760 10 1413393949.155761 1 
1413393949.305760 20 1413393949.205760 1 
1413393949.355761 60 1413393949.055760 0 
1413393949.405761 10 1413393949.355761 1 
1413393949.455760 10 1413393949.405761 1 
1413393949.555760 20 1413393949.455760 1 
1413393949.655761 20 1413393949.555760 1 
1413393949.705760 10 1413393949.655761 1 
1413393949.805760 20 1413393949.705760 1 
1413393949.905761 70 1413393949.555760 0 
1413393949.955760 10 1413393949.905761 1 
1413393950.005760 10 1413393949.955760 1 
1413393950.105761 20 1413393950.005760 1 
1413393950.205760 60 1413393949.905761 0 
1413393950.255760 10 1413393950.205760 1 
1413393950.305760 10 1413393950.255760 1 
1413393950.355761 10 1413393950.305760 1 
1413393950.455760 50 1413393950.205760 0 
1413393950.505760 10 1413393950.455760 1 
1413393950.605761 20 1413393950.505760 1 
1413393950.655761 10 1413393950.605761 1 
1413393950.755760 20 1413393950.655761 1 
1413393950.805760 60 1413393950.505760 0 
1413393950.855761 10 1413393950.805760 1 
1413393950.905761 10 1413393950.855761 1 
1413393951.055760 30 1413393950.905761 1 
1413393951.105761 60 1413393950.805760 0 
1413393951.155761 10 1413393951.105761 1 
1413393951.205760 10 1413393951.155761 1 
1413393951.305760 20 1413393951.205760 1 
1413393951.355761 10 1413393951.305760 1 
1413393951.455760 20 1413393951.355761 1 
1413393951.555760 20 1413393951.455760 1 
1413393951.605761 60 1413393951.305760 0 
1413393951.655761 10 1413393951.605761 1 
1413393951.705760 10 1413393951.655761 1 
1413393951.805760 20 1413393951.705760 1 
1413393951.905761 60 1413393951.605761 0 
1413393951.955760 10 1413393951.905761 1 
1413393952.005760 10 1413393951.955760 1 
1413393952.105761 20 1413393952.005760 1 
1413393952.155761 50 1413393951.905761 0 
1413393952.205760 10 1413393952.155761 1 
1413393952.255760 10 1413393952.205760 1 
1413393952.355761 20 1413393952.255760 1 
1413393952.455760 20 1413393952.355761 1 
1413393952.505760 10 1413393952.455760 1 
1413393952.605761 80 1413393952.205760 0 
1413393952.655761 10 1413393952.605761 1 
1413393952.705760 10 1413393952.655761 1 
1413393952.805760 20 1413393952.705760 1 
1413393952.855761 10 1413393952.805760 1 
1413393952.905761 60 1413393952.605761 0 
1413393952.955760 10 1413393952.905761 1 
1413393953.055760 20 1413393952.955760 1 
1413393953.105761 10 1413393953.055760 1 
1413393953.205760 60 1413393952.905761 0 
1413393953.255760 10 1413393953.205760 1 
1413393953.305760 10 1413393953.255760 1 
1413393953.405761 20 1413393953.305760 1 
1413393953.505760 20 1413393953.405761 1 
1413393953.555760 10 1413393953.505760 1 
1413393953.655761 20 1413393953.555760 1 
1413393953.705760 80 1413393953.305760 0 
1413393953.755760 10 1413393953.705760 1 
1413393953.855761 20 1413393953.755760 1 
1413393953.905761 10 1413393953.855761 1 
1413393954.005760 20 1413393953.905761 1 
1413393954.055760 70 1413393953.705760 0 
1413393954.105761 10 1413393954.055760 1 
1413393954.205760 20 1413393954.105761 1 
1413393954.255760 10 1413393954.205760 1 
1413393954.305760 10 1413393954.255760 1 
1413393954.405761 20 1413393954.305760 1 
1413393954.505760 80 1413393954.105761 0 
1413393954.555760 10 1413393954.505760 1 
1413393954.605761 10 1413393954.555760 1 
1413393954.705760 20 1413393954.605761 1 
1413393954.805760 60 1413393954.505760 0 
1413393954.855761 10 1413393954.805760 1 
1413393954.905761 10 1413393954.855761 1 
1413393955.005760 20 1413393954.905761 1 
1413393955.055760 50 1413393954.805760 0 
1413393955.155761 20 1413393955.055760 1 
1413393955.205760 10 1413393955.155761 1 
1413393955.305760 20 1413393955.205760 1 
1413393955.355761 10 1413393955.305760 1 
1413393955.455760 80 1413393955.055760 0 
1413393955.505760 10 1413393955.455760 1 
1413393955.555760 10 1413393955.505760 1 
1413393955.655761 20 1413393955.555760 1 
1413393955.705760 10 1413393955.655761 1 
1413393955.805760 70 1413393955.455760 0 
1413393955.855761 10 1413393955.805760 1 
1413393955.905761 10 1413393955.855761 1 
1413393956.005760 20 1413393955.905761 1 
1413393956.105761 20 1413393956.005760 1 
1413393956.155761 70 1413393955.805760 0 
1413393956.205760 10 1413393956.155761 1 
1413393956.255760 10 1413393956.205760 1 
1413393956.355761 20 1413393956.255760 1 
1413393956.455760 20 1413393956.355761 1 
1413393956.505760 10 1413393956.455760 1 
1413393956.605761 80 1413393956.205760 0 
1413393956.655761 10 1413393956.605761 1 
1413393956.705760 10 1413393956.655761 1 
1413393956.805760 20 1413393956.705760 1 
1413393956.855761 10 1413393956.805760 1 
1413393956.955760 70 1413393956.605761 0 
1413393957.005760 10 1413393956.955760 1 
1413393957.055760 10 1413393957.005760 1 
1413393957.155761 20 1413393957.055760 1 
1413393957.205760 10 1413393957.155761 1 
1413393957.305760 70 1413393956.955760 0 
1413393957.355761 10 1413393957.305760 1 
1413393957.405761 10 1413393957.355761 1 
1413393957.505760 20 1413393957.405761 1 
1413393957.555760 10 1413393957.505760 1 
1413393957.655761 70 1413393957.305760 0 
1413393957.705760 10 1413393957.655761 1 
1413393957.755760 10 1413393957.705760 1 
1413393957.805760 10 1413393957.755760 1 
1413393957.905761 50 1413393957.655761 0 
1413393957.955760 10 1413393957.905761 1 
1413393958.005760 10 1413393957.955760 1 
1413393958.105761 20 1413393958.005760 1 
1413393958.155761 50 1413393957.905761 0 
1413393958.205760 10 1413393958.155761 1 
1413393958.255760 10 1413393958.205760 1 
1413393958.355761 20 1413393958.255760 1 
1413393958.405761 10 1413393958.355761 1 
1413393958.455760 10 1413393958.405761 1 
1413393958.555760 20 1413393958.455760 1 
1413393958.655761 20 1413393958.555760 1 
1413393958.705760 60 1413393958.405761 0 
1413393958.755760 10 1413393958.705760 1 
1413393958.805760 10 1413393958.755760 1 
1413393958.905761 20 1413393958.805760 1 
1413393958.955760 10 1413393958.905761 1 
1413393959.055760 20 1413393958.955760 1 
1413393959.105761 10 1413393959.055760 1 
1413393959.205760 60 1413393958.905761 0 
1413393959.255760 10 1413393959.205760 1 
1413393959.305760 10 1413393959.255760 1 
1413393959.405761 20 1413393959.305760 1 
1413393959.455760 50 1413393959.205760 0 
1413393959.505760 10 1413393959.455760 1 
1413393959.605761 20 1413393959.505760 1 
1413393959.655761 10 1413393959.605761 1 
1413393959.755760 60 1413393959.455760 0 
1413393959.805760 10 1413393959.755760 1 
1413393959.855761 10 1413393959.805760 1 
1413393959.955760 20 1413393959.855761 1 
1413393960.055760 60 1413393959.755760 0 
1413393960.105761 10 1413393960.055760 1 
1413393960.155761 10 1413393960.105761 1 
1413393960.255760 20 1413393960.155761 1 
1413393960.355761 60 1413393960.055760 0 
1413393960.405761 10 1413393960.355761 1 
1413393960.455760 10 1413393960.405761 1 
1413393960.505760 10 1413393960.455760 1 
1413393960.605761 20 1413393960.505760 1 
1413393960.705760 20 1413393960.605761 1 
1413393960.805760 20 1413393960.705760 1 
1413393960.855761 10 1413393960.805760 1 
1413393960.955760 70 1413393960.605761 0 
1413393961.005760 10 1413393960.955760 1 
1413393961.055760 10 1413393961.005760 1 
1413393961.155761 20 1413393961.055760 1 
1413393961.205760 50 1413393960.955760 0 
1413393961.255760 10 1413393961.205760 1 
1413393961.355761 20 1413393961.255760 1 
1413393961.405761 10 1413393961.355761 1 
1413393961.505760 60 1413393961.205760 0 
1413393961.555760 10 1413393961.505760 1 
1413393961.605761 10 1413393961.555760 1 
1413393961.705760 20 1413393961.605761 1 
1413393961.755760 50 1413393961.505760 0 
1413393961.805760 10 1413393961.755760 1 
1413393961.905761 20 1413393961.805760 1 
1413393961.955760 10 1413393961.905761 1 
1413393962.055760 60 1413393961.755760 0 
1413393962.105761 10 1413393962.055760 1 
1413393962.205760 20 1413393962.105761 1 
1413393962.305760 20 1413393962.205760 1 
1413393962.355761 10 1413393962.305760 1 
1413393962.455760 20 1413393962.355761 1 
1413393962.555760 70 1413393962.205760 0 
1413393962.605761 10 1413393962.555760 1 
1413393962.655761 10 1413393962.605761 1 
1413393962.755760 20 1413393962.655761 1 
1413393962.855761 60 1413393962.555760 0 
1413393962.905761 10 1413393962.855761 1 
1413393962.955760 10 1413393962.905761 1 
1413393963.055760 40 1413393962.855761 0 
1413393963.105761 10 1413393963.055760 1 
1413393963.155761 10 1413393963.105761 1 
1413393963.255760 20 1413393963.155761 1 
1413393963.355761 60 1413393963.055760 0 
1413393963.405761 10 1413393963.355761 1 
1413393963.455760 10 1413393963.405761 1 
1413393963.555760 40 1413393963.355761 0 
1413393963.605761 10 1413393963.555760 1 
1413393963.655761 10 1413393963.605761 1 
1413393963.755760 20 1413393963.655761 1 
1413393963.855761 60 1413393963.555760 0 
1413393963.905761 10 1413393963.855761 1 
1413393963.955760 10 1413393963.905761 1 
1413393964.055760 20 1413393963.955760 1 
1413393964.105761 50 1413393963.855761 0 
1413393964.155761 10 1413393964.105761 1 
1413393964.255760 20 1413393964.155761 1 
1413393964.305760 10 1413393964.255760 1 
1413393964.405761 60 1413393964.105761 0 
1413393964.455760 10 1413393964.405761 1 
1413393964.505760 10 1413393964.455760 1 
1413393964.605761 20 1413393964.505760 1 
1413393964.705760 60 1413393964.405761 0 
1413393964.755760 10 1413393964.705760 1 
1413393964.805760 10 1413393964.755760 1 
1413393964.855761 10 1413393964.805760 1 
1413393964.955760 50 1413393964.705760 0 
1413393965.005760 10 1413393964.955760 1 
1413393965.055760 10 1413393965.005760 1 
1413393965.155761 20 1413393965.055760 1 
1413393965.205760 50 1413393964.955760 0 
1413393965.255760 10 1413393965.205760 1 
1413393965.355761 20 1413393965.255760 1 
1413393965.405761 10 1413393965.355761 1 
1413393965.455760 10 1413393965.405761 1 
1413393965.555760 60 1413393965.255760 0 
1413393965.605761 10 1413393965.555760 1 
1413393965.705760 20 1413393965.605761 1 
1413393965.755760 10 1413393965.705760 1 
1413393965.855761 60 1413393965.555760 0 
1413393965.905761 10 1413393965.855761 1 
1413393966.005760 20 1413393965.905761 1 
1413393966.055760 10 1413393966.005760 1 
1413393966.155761 60 1413393965.855761 0 
1413393966.205760 10 1413393966.155761 1 
1413393966.255760 10 1413393966.205760 1 
1413393966.355761 20 1413393966.255760 1 
1413393966.405761 10 1413393966.355761 1 
1413393966.505760 20 1413393966.405761 1 
1413393966.555760 10 1413393966.505760 1 
1413393966.655761 60 1413393966.355761 0 
1413393966.705760 10 1413393966.655761 1 
1413393966.805760 20 1413393966.705760 1 
1413393966.855761 10 1413393966.805760 1 
1413393966.955760 20 1413393966.855761 1 
1413393967.005760 70 1413393966.655761 0 
1413393967.055760 10 1413393967.005760 1 
1413393967.105761 10 1413393967.055760 1 
1413393967.205760 20 1413393967.105761 1 
1413393967.305760 20 1413393967.205760 1 
1413393967.355761 70 1413393967.005760 0 
1413393967.405761 10 1413393967.355761 1 
1413393967.455760 10 1413393967.405761 1 
1413393967.555760 20 1413393967.455760 1 
1413393967.605761 10 1413393967.555760 1 
1413393967.705760 70 1413393967.355761 0 
1413393967.755760 10 1413393967.705760 1 
1413393967.805760 10 1413393967.755760 1 
1413393967.905761 20 1413393967.805760 1 
1413393967.955760 10 1413393967.905761 1 
1413393968.055760 20 1413393967.955760 1 
1413393968.105761 10 1413393968.055760 1 
1413393968.205760 20 1413393968.105761 1 
1413393968.305760 80 1413393967.905761 0 
1413393968.355761 10 1413393968.305760 1 
1413393968.405761 10 1413393968.355761 1 
1413393968.505760 20 1413393968.405761 1 
1413393968.555760 10 1413393968.505760 1 
1413393968.655761 70 1413393968.305760 0 
1413393968.705760 10 1413393968.655761 1 
1413393968.755760 10 1413393968.705760 1 
1413393968.855761 20 1413393968.755760 1 
1413393968.955760 20 1413393968.855761 1 
1413393969.005760 70 1413393968.655761 0 
1413393969.055760 10 1413393969.005760 1 
1413393969.155761 20 1413393969.055760 1 
1413393969.205760 10 1413393969.155761 1 
1413393969.305760 20 1413393969.205760 1 
1413393969.355761 70 1413393969.005760 0 
1413393969.405761 10 1413393969.355761 1 
1413393969.505760 20 1413393969.405761 1 
1413393969.555760 10 1413393969.505760 1 
1413393969.655761 20 1413393969.555760 1 
1413393969.705760 10 1413393969.655761 1 
1413393969.805760 80 1413393969.405761 0 
1413393969.855761 10 1413393969.805760 1 
1413393969.905761 10 1413393969.855761 1 
1413393970.005760 20 1413393969.905761 1 
1413393970.055760 50 1413393969.805760 0 
1413393970.105761 10 1413393970.055760 1 
1413393970.205760 20 1413393970.105761 1 
1413393970.255760 10 1413393970.205760 1 
1413393970.355761 20 1413393970.255760 1 
1413393970.405761 10 1413393970.355761 1 
1413393970.505760 20 1413393970.405761 1 
1413393970.605761 20 1413393970.505760 1 
1413393970.655761 60 1413393970.355761 0 
1413393970.705760 10 1413393970.655761 1 
1413393970.755760 10 1413393970.705760 1 
1413393970.855761 20 1413393970.755760 1 
1413393970.955760 20 1413393970.855761 1 
1413393971.005760 10 1413393970.955760 1 
1413393971.105761 20 1413393971.005760 1 
1413393971.205760 20 1413393971.105761 1 
1413393971.255760 80 1413393970.855761 0 
1413393971.305760 10 1413393971.255760 1 
1413393971.405761 20 1413393971.305760 1 
1413393971.455760 10 1413393971.405761 1 
1413393971.555760 60 1413393971.255760 0 
1413393971.605761 10 1413393971.555760 1 
1413393971.705760 20 1413393971.605761 1 
1413393971.755760 10 1413393971.705760 1 
1413393971.855761 60 1413393971.555760 0 
1413393971.905761 10 1413393971.855761 1 
1413393971.955760 10 1413393971.905761 1 
1413393972.055760 20 1413393971.955760 1 
1413393972.155761 60 1413393971.855761 0 
1413393972.205760 10 1413393972.155761 1 
1413393972.255760 10 1413393972.205760 1 
1413393972.355761 20 1413393972.255760 1 
1413393972.405761 50 1413393972.155761 0 
1413393972.455760 10 1413393972.405761 1 
1413393972.555760 20 1413393972.455760 1 
1413393972.605761 10 1413393972.555760 1 
1413393972.705760 20 1413393972.605761 1 
1413393972.755760 10 1413393972.705760 1 
1413393972.805760 10 1413393972.755760 1 
1413393972.905761 20 1413393972.805760 1 
1413393973.005760 60 1413393972.705760 0 
1413393973.055760 10 1413393973.005760 1 
1413393973.105761 10 1413393973.055760 1 
1413393973.205760 20 1413393973.105761 1 
1413393973.255760 10 1413393973.205760 1 
1413393973.355761 20 1413393973.255760 1 
1413393973.405761 10 1413393973.355761 1 
1413393973.505760 60 1413393973.205760 0 
1413393973.555760 10 1413393973.505760 1 
1413393973.655761 20 1413393973.555760 1 
1413393973.705760 10 1413393973.655761 1 
1413393973.805760 20 1413393973.705760 1 
1413393974.205760 80 1413393973.805760 1 
1413393974.255760 10 1413393974.205760 1 
1413393974.355761 130 1413393973.705760 0 
1413393974.405761 10 1413393974.355761 1 
1413393974.455760 10 1413393974.405761 1 
1413393974.555760 20 1413393974.455760 1 
1413393974.605761 40 1413393974.405761 0 
1413393974.655761 10 1413393974.605761 1 
1413393974.755760 20 1413393974.655761 1 
1413393974.805760 10 1413393974.755760 1 
1413393974.905761 20 1413393974.805760 1 
1413393974.955760 60 1413393974.655761 0 
1413393975.005760 10 1413393974.955760 1 
1413393975.105761 20 1413393975.005760 1 
1413393975.155761 10 1413393975.105761 1 
1413393975.255760 60 1413393974.955760 0 
1413393975.305760 10 1413393975.255760 1 
1413393975.355761 10 1413393975.305760 1 
1413393975.455760 20 1413393975.355761 1 
1413393975.505760 50 1413393975.255760 0 
1413393975.555760 10 1413393975.505760 1 
1413393975.655761 20 1413393975.555760 1 
1413393975.705760 10 1413393975.655761 1 
1413393975.805760 20 1413393975.705760 1 
1413393975.855761 60 1413393975.555760 0 
1413393975.905761 10 1413393975.855761 1 
1413393976.005760 20 1413393975.905761 1 
1413393976.055760 10 1413393976.005760 1 
1413393976.155761 60 1413393975.855761 0 
1413393976.205760 10 1413393976.155761 1 
1413393976.255760 10 1413393976.205760 1 
1413393976.355761 20 1413393976.255760 1 
1413393976.405761 10 1413393976.355761 1 
1413393976.505760 60 1413393976.205760 0 
1413393976.555760 10 1413393976.505760 1 
1413393976.605761 10 1413393976.555760 1 
1413393976.705760 20 1413393976.605761 1 
1413393976.755760 10 1413393976.705760 1 
1413393976.855761 60 1413393976.555760 0 
1413393976.905761 10 1413393976.855761 1 
1413393976.955760 10 1413393976.905761 1 
1413393977.055760 20 1413393976.955760 1 
1413393977.155761 20 1413393977.055760 1 
1413393977.205760 60 1413393976.905761 0 
1413393977.255760 10 1413393977.205760 1 
1413393977.305760 10 1413393977.255760 1 
1413393977.405761 20 1413393977.305760 1 
1413393977.505760 20 1413393977.405761 1 
1413393977.555760 10 1413393977.505760 1 
1413393977.605761 10 1413393977.555760 1 
1413393977.705760 60 1413393977.405761 0 
1413393977.755760 10 1413393977.705760 1 
1413393977.855761 20 1413393977.755760 1 
1413393977.905761 10 1413393977.855761 1 
1413393978.005760 20 1413393977.905761 1 
1413393978.105761 80 1413393977.705760 0 
1413393978.155761 10 1413393978.105761 1 
1413393978.205760 10 1413393978.155761 1 
1413393978.305760 20 1413393978.205760 1 
1413393978.405761 20 1413393978.305760 1 
1413393978.455760 10 1413393978.405761 1 
1413393978.555760 80 1413393978.155761 0 
1413393978.605761 10 1413393978.555760 1 
1413393978.655761 10 1413393978.605761 1 
1413393978.755760 20 1413393978.655761 1 
1413393978.805760 10 1413393978.755760 1 
1413393978.905761 70 1413393978.555760 0 
1413393978.955760 10 1413393978.905761 1 
1413393979.005760 10 1413393978.955760 1 
1413393979.105761 20 1413393979.005760 1 
1413393979.155761 10 1413393979.105761 1 
1413393979.255760 20 1413393979.155761 1 
1413393979.355761 80 1413393978.955760 0 
1413393979.405761 10 1413393979.355761 1 
1413393979.455760 10 1413393979.405761 1 
1413393979.555760 20 1413393979.455760 1 
1413393979.605761 10 1413393979.555760 1 
1413393979.705760 70 1413393979.355761 0 
1413393979.755760 10 1413393979.705760 1 
1413393979.805760 10 1413393979.755760 1 
1413393979.905761 20 1413393979.805760 1 
1413393980.005760 20 1413393979.905761 1 
1413393980.055760 70 1413393979.705760 0 
1413393980.105761 10 1413393980.055760 1 
1413393980.155761 10 1413393980.105761 1 
1413393980.255760 20 1413393980.155761 1 
1413393980.305760 10 1413393980.255760 1 
1413393980.405761 70 1413393980.055760 0 
1413393980.455760 10 1413393980.405761 1 
1413393980.505760 10 1413393980.455760 1 
1413393980.605761 20 1413393980.505760 1 
1413393980.705760 60 1413393980.405761 0 
1413393980.755760 10 1413393980.705760 1 
1413393980.805760 10 1413393980.755760 1 
1413393980.905761 20 1413393980.805760 1 
1413393981.005760 60 1413393980.705760 0 
1413393981.055760 10 1413393981.005760 1 
1413393981.105761 10 1413393981.055760 1 
1413393981.205760 20 1413393981.105761 1 
1413393981.305760 20 1413393981.205760 1 
1413393981.355761 60 1413393981.055760 0 
1413393981.405761 10 1413393981.355761 1 
1413393981.455760 10 1413393981.405761 1 
1413393981.555760 20 1413393981.455760 1 
1413393981.655761 20 1413393981.555760 1 
1413393981.705760 10 1413393981.655761 1 
1413393981.805760 70 1413393981.455760 0 
1413393981.855761 10 1413393981.805760 1 
1413393981.955760 20 1413393981.855761 1 
1413393982.005760 10 1413393981.955760 1 
1413393982.105761 60 1413393981.805760 0 
1413393982.155761 10 1413393982.105761 1 
1413393982.205760 10 1413393982.155761 1 
1413393982.305760 20 1413393982.205760 1 
1413393982.405761 20 1413393982.305760 1 
1413393982.455760 10 1413393982.405761 1 
1413393982.555760 20 1413393982.455760 1 
1413393982.605761 80 1413393982.205760 0 
1413393982.655761 10 1413393982.605761 1 
1413393982.705760 10 1413393982.655761 1 
1413393982.805760 20 1413393982.705760 1 
1413393982.905761 20 1413393982.805760 1 
1413393982.955760 70 1413393982.605761 0 
1413393983.005760 10 1413393982.955760 1 
1413393983.105761 20 1413393983.005760 1 
1413393983.155761 10 1413393983.105761 1 
1413393983.255760 60 1413393982.955760 0 
1413393983.305760 10 1413393983.255760 1 
1413393983.405761 20 1413393983.305760 1 
1413393983.455760 10 1413393983.405761 1 
1413393983.555760 20 1413393983.455760 1 
1413393983.605761 70 1413393983.255760 0 
1413393983.655761 10 1413393983.605761 1 
1413393983.755760 20 1413393983.655761 1 
1413393983.855761 20 1413393983.755760 1 
1413393983.905761 10 1413393983.855761 1 
1413393984.005760 20 1413393983.905761 1 
1413393984.055760 80 1413393983.655761 0 
1413393984.105761 10 1413393984.055760 1 
1413393984.205760 20 1413393984.105761 1 
1413393984.255760 10 1413393984.205760 1 
1413393984.355761 20 1413393984.255760 1 
1413393984.455760 20 1413393984.355761 1 
1413393984.505760 80 1413393984.105761 0 
1413393984.555760 10 1413393984.505760 1 
1413393984.655761 20 1413393984.555760 1 
1413393984.705760 10 1413393984.655761 1 
1413393984.805760 20 1413393984.705760 1 
1413393984.855761 10 1413393984.805760 1 
1413393984.955760 80 1413393984.555760 0 
1413393985.005760 10 1413393984.955760 1 
1413393985.055760 10 1413393985.005760 1 
1413393985.155761 20 1413393985.055760 1 
1413393985.255760 20 1413393985.155761 1 
1413393985.305760 10 1413393985.255760 1 
1413393985.405761 80 1413393985.005760 0 
1413393985.455760 10 1413393985.405761 1 
1413393985.505760 10 1413393985.455760 1 
1413393985.605761 20 1413393985.505760 1 
1413393985.655761 10 1413393985.605761 1 
1413393985.755760 20 1413393985.655761 1 
1413393985.855761 80 1413393985.455760 0 
1413393985.905761 10 1413393985.855761 1 
1413393985.955760 10 1413393985.905761 1 
1413393986.055760 20 1413393985.955760 1 
1413393986.105761 10 1413393986.055760 1 
1413393986.205760 20 1413393986.105761 1 
1413393986.305760 80 1413393985.905761 0 
1413393986.355761 10 1413393986.305760 1 
1413393986.405761 10 1413393986.355761 1 
1413393986.505760 20 1413393986.405761 1 
1413393986.605761 20 1413393986.505760 1 
1413393986.655761 10 1413393986.605761 1 
1413393986.755760 80 1413393986.355761 0 
1413393986.805760 10 1413393986.755760 1 
1413393986.905761 20 1413393986.805760 1 
1413393987.005760 20 1413393986.905761 1 
1413393987.055760 10 1413393987.005760 1 
1413393987.155761 80 1413393986.755760 0 
1413393987.205760 10 1413393987.155761 1 
1413393987.305760 20 1413393987.205760 1 
1413393987.355761 10 1413393987.305760 1 
1413393987.455760 20 1413393987.355761 1 
1413393987.555760 20 1413393987.455760 1 
1413393987.605761 10 1413393987.555760 1 
1413393987.705760 80 1413393987.305760 0 
1413393987.755760 10 1413393987.705760 1 
1413393987.855761 20 1413393987.755760 1 
1413393987.955760 20 1413393987.855761 1 
1413393988.005760 10 1413393987.955760 1 
1413393988.105761 80 1413393987.705760 0 
1413393988.155761 10 1413393988.105761 1 
1413393988.255760 20 1413393988.155761 1 
1413393988.305760 10 1413393988.255760 1 
1413393988.405761 20 1413393988.305760 1 
1413393988.505760 20 1413393988.405761 1 
1413393988.605761 20 1413393988.505760 1 
1413393988.655761 80 1413393988.255760 0 
1413393988.705760 10 1413393988.655761 1 
1413393988.805760 20 1413393988.705760 1 
1413393988.905761 20 1413393988.805760 1 
1413393988.955760 10 1413393988.905761 1 
1413393989.055760 20 1413393988.955760 1 
1413393989.105761 80 1413393988.705760 0 
1413393989.155761 10 1413393989.105761 1 
1413393989.255760 20 1413393989.155761 1 
1413393989.305760 10 1413393989.255760 1 
1413393989.405761 20 1413393989.305760 1 
1413393989.505760 70 1413393989.155761 0 
1413393989.555760 10 1413393989.505760 1 
1413393989.655761 20 1413393989.555760 1 
1413393989.705760 10 1413393989.655761 1 
1413393989.805760 20 1413393989.705760 1 
1413393989.855761 10 1413393989.805760 1 
1413393989.955760 80 1413393989.555760 0 
1413393990.005760 10 1413393989.955760 1 
1413393990.105761 20 1413393990.005760 1 
1413393990.155761 10 1413393990.105761 1 
1413393990.255760 20 1413393990.155761 1 
1413393990.305760 70 1413393989.955760 0 
1413393990.355761 10 1413393990.305760 1 
1413393990.455760 20 1413393990.355761 1 
1413393990.505760 10 1413393990.455760 1 
1413393990.605761 20 1413393990.505760 1 
1413393990.705760 70 1413393990.355761 0 
1413393990.755760 10 1413393990.705760 1 
1413393990.805760 10 1413393990.755760 1 
1413393990.905761 20 1413393990.805760 1 
1413393990.955760 50 1413393990.705760 0 
1413393991.005760 10 1413393990.955760 1 
1413393991.105761 20 1413393991.005760 1 
1413393991.155761 10 1413393991.105761 1 
1413393991.255760 60 1413393990.955760 0 
1413393991.305760 10 1413393991.255760 1 
1413393991.405761 20 1413393991.305760 1 
1413393991.455760 10 1413393991.405761 1 
1413393991.555760 60 1413393991.255760 0 
1413393991.605761 10 1413393991.555760 1 
1413393991.655761 10 1413393991.605761 1 
1413393991.755760 20 1413393991.655761 1 
1413393991.805760 10 1413393991.755760 1 
1413393991.905761 20 1413393991.805760 1 
1413393991.955760 10 1413393991.905761 1 
1413393992.055760 60 1413393991.755760 0 
1413393992.105761 10 1413393992.055760 1 
1413393992.155761 10 1413393992.105761 1 
1413393992.305760 30 1413393992.155761 1 
1413393992.355761 60 1413393992.055760 0 
1413393992.405761 10 1413393992.355761 1 
1413393992.455760 10 1413393992.405761 1 
1413393992.555760 20 1413393992.455760 1 
1413393992.605761 10 1413393992.555760 1 
1413393992.705760 20 1413393992.605761 1 
1413393992.805760 20 1413393992.705760 1 
1413393992.855761 60 1413393992.555760 0 
1413393992.905761 10 1413393992.855761 1 
1413393992.955760 10 1413393992.905761 1 
1413393993.055760 20 1413393992.955760 1 
1413393993.155761 60 1413393992.855761 0 
1413393993.205760 10 1413393993.155761 1 
1413393993.255760 10 1413393993.205760 1 
1413393993.355761 20 1413393993.255760 1 
1413393993.405761 10 1413393993.355761 1 
1413393993.505760 60 1413393993.205760 0 
1413393993.555760 10 1413393993.505760 1 
1413393993.605761 10 1413393993.555760 1 
1413393993.705760 20 1413393993.605761 1 
1413393993.805760 20 1413393993.705760 1 
1413393993.855761 60 1413393993.555760 0 
1413393993.905761 10 1413393993.855761 1 
1413393994.005760 20 1413393993.905761 1 
1413393994.055760 10 1413393994.005760 1 
1413393994.155761 60 1413393993.855761 0 
1413393994.205760 10 1413393994.155761 1 
1413393994.255760 10 1413393994.205760 1 
1413393994.355761 20 1413393994.255760 1 
1413393994.455760 60 1413393994.155761 0 
1413393994.505760 10 1413393994.455760 1 
1413393994.605761 20 1413393994.505760 1 
1413393994.655761 10 1413393994.605761 1 
1413393994.755760 60 1413393994.455760 0 
1413393994.805760 10 1413393994.755760 1 
1413393994.905761 20 1413393994.805760 1 
1413393994.955760 10 1413393994.905761 1 
1413393995.055760 60 1413393994.755760 0 
1413393995.105761 10 1413393995.055760 1 
1413393995.155761 10 1413393995.105761 1 
1413393995.255760 20 1413393995.155761 1 
1413393995.305760 10 1413393995.255760 1 
1413393995.405761 20 1413393995.305760 1 
1413393995.505760 20 1413393995.405761 1 
1413393995.555760 60 1413393995.255760 0 
1413393995.605761 10 1413393995.555760 1 
1413393995.705760 20 1413393995.605761 1 
1413393995.755760 10 1413393995.705760 1 
1413393995.855761 20 1413393995.755760 1 
1413393995.905761 70 1413393995.555760 0 
1413393995.955760 10 1413393995.905761 1 
1413393996.055760 20 1413393995.955760 1 
1413393996.155761 20 1413393996.055760 1 
1413393996.205760 10 1413393996.155761 1 
1413393996.305760 80 1413393995.905761 0 
1413393996.355761 10 1413393996.305760 1 
1413393996.405761 10 1413393996.355761 1 
1413393996.505760 20 1413393996.405761 1 
1413393996.555760 10 1413393996.505760 1 
1413393996.655761 70 1413393996.305760 0 
1413393996.705760 10 1413393996.655761 1 
1413393996.805760 20 1413393996.705760 1 
1413393996.855761 10 1413393996.805760 1 
1413393996.955760 20 1413393996.855761 1 
1413393997.055760 20 1413393996.955760 1 
1413393997.105761 80 1413393996.705760 0 
1413393997.155761 10 1413393997.105761 1 
1413393997.255760 20 1413393997.155761 1 
1413393997.305760 10 1413393997.255760 1 
1413393997.405761 20 1413393997.305760 1 
1413393997.455760 10 1413393997.405761 1 
1413393997.555760 80 1413393997.155761 0 
1413393997.605761 10 1413393997.555760 1 
1413393997.655761 10 1413393997.605761 1 
1413393997.755760 20 1413393997.655761 1 
1413393997.805760 10 1413393997.755760 1 
1413393997.905761 20 1413393997.805760 1 
1413393998.005760 80 1413393997.605761 0 
1413393998.055760 10 1413393998.005760 1 
1413393998.105761 10 1413393998.055760 1 
1413393998.155761 10 1413393998.105761 1 
1413393998.255760 20 1413393998.155761 1 
1413393998.355761 20 1413393998.255760 1 
1413393998.455760 80 1413393998.055760 0 
1413393998.505760 10 1413393998.455760 1 
1413393998.555760 10 1413393998.505760 1 
1413393998.605761 10 1413393998.555760 1 
1413393998.705760 20 1413393998.605761 1 
1413393998.805760 60 1413393998.505760 0 
1413393998.855761 10 1413393998.805760 1 
1413393998.905761 10 1413393998.855761 1 
1413393999.005760 20 1413393998.905761 1 
1413393999.055760 50 1413393998.805760 0 
1413393999.105761 10 1413393999.055760 1 
1413393999.205760 20 1413393999.105761 1 
1413393999.255760 10 1413393999.205760 1 
1413393999.355761 60 1413393999.055760 0 
1413393999.405761 10 1413393999.355761 1 
1413393999.455760 10 1413393999.405761 1 
1413393999.505760 10 1413393999.455760 1 
1413393999.605761 50 1413393999.355761 0 
1413393999.655761 10 1413393999.605761 1 
1413393999.705760 10 1413393999.655761 1 
1413393999.805760 20 1413393999.705760 1 
1413393999.855761 50 1413393999.605761 0 
1413393999.905761 10 1413393999.855761 1 
1413393999.955760 10 1413393999.905761 1 
1413394000.055760 20 1413393999.955760 1 
1413394000.105761 50 1413393999.855761 0 
1413394000.155761 10 1413394000.105761 1 
1413394000.255760 20 1413394000.155761 1 
1413394000.305760 40 1413394000.105761 0 
1413394000.355761 10 1413394000.305760 1 
1413394000.455760 20 1413394000.355761 1 
1413394000.505760 40 1413394000.305760 0 
1413394000.555760 10 1413394000.505760 1 
1413394000.605761 10 1413394000.555760 1 
1413394000.655761 10 1413394000.605761 1 
1413394000.755760 20 1413394000.655761 1 
1413394000.805760 40 1413394000.605761 0 
1413394000.855761 10 1413394000.805760 1 
1413394000.905761 10 1413394000.855761 1 
1413394001.005760 20 1413394000.905761 1 
1413394001.055760 10 1413394001.005760 1 
1413394001.155761 50 1413394000.905761 0 
1413394001.205760 10 1413394001.155761 1 
1413394001.255760 10 1413394001.205760 1 
1413394001.305760 10 1413394001.255760 1 
1413394001.405761 20 1413394001.305760 1 
1413394001.455760 10 1413394001.405761 1 
1413394001.555760 50 1413394001.305760 0 
1413394001.605761 10 1413394001.555760 1 
1413394001.655761 10 1413394001.605761 1 
1413394001.755760 20 1413394001.655761 1 
1413394001.805760 10 1413394001.755760 1 
1413394001.905761 20 1413394001.805760 1 
1413394001.955760 40 1413394001.755760 0 
1413394002.005760 10 1413394001.955760 1 
1413394002.055760 10 1413394002.005760 1 
1413394002.155761 20 1413394002.055760 1 
1413394002.255760 50 1413394002.005760 0 
1413394002.305760 10 1413394002.255760 1 
1413394002.355761 10 1413394002.305760 1 
1413394002.405761 10 1413394002.355761 1 
1413394002.505760 40 1413394002.305760 0 
1413394002.555760 10 1413394002.505760 1 
1413394002.605761 10 1413394002.555760 1 
1413394002.705760 20 1413394002.605761 1 
1413394002.755760 10 1413394002.705760 1 
1413394002.855761 20 1413394002.755760 1 
1413394002.955760 20 1413394002.855761 1 
1413394003.005760 10 1413394002.955760 1 
1413394003.105761 50 1413394002.855761 0 
1413394003.155761 10 1413394003.105761 1 
1413394003.205760 10 1413394003.155761 1 
1413394003.305760 20 1413394003.205760 1 
1413394003.355761 10 1413394003.305760 1 
