1413393891.055760 1.181112 1.211391 
1413393891.155761 1.200958 1.208850 
1413393891.455760 1.189946 1.211642 
1413393891.605761 1.174087 1.197273 
1413393891.755760 1.189958 1.207704 
1413393891.905761 1.187844 1.206023 
1413393892.055760 1.200472 1.217484 
1413393892.255760 1.207103 1.221533 
1413393892.405761 1.207250 1.215368 
1413393892.555760 1.209576 1.217602 
1413393892.705760 1.217745 1.216171 
1413393892.855761 1.215035 1.213811 
1413393893.005760 1.215290 1.214390 
1413393893.155761 1.217707 1.216695 
1413393893.305760 1.220064 1.219220 
1413393893.455760 1.222014 1.221390 
1413393893.655761 1.222309 1.221966 
1413393893.855761 1.224053 1.223974 
1413393894.055760 1.224423 1.224172 
1413393894.255760 1.224545 1.224579 
1413393894.505760 1.223507 1.226224 
1413393894.805760 1.219220 1.221918 
1413393895.055760 1.220606 1.223851 
1413393895.305760 1.204735 1.208595 
1413393895.555760 1.199489 1.204008 
1413393895.755760 1.199235 1.203706 
1413393896.005760 1.201054 1.206515 
1413393896.205760 1.202344 1.206989 
1413393896.505760 1.201985 1.208450 
1413393896.805760 1.203558 1.218725 
1413393897.055760 1.206276 1.222276 
1413393897.355761 1.195390 1.211282 
1413393897.605761 1.202815 1.204452 
1413393897.855761 1.220956 1.238988 
1413393898.105761 1.221514 1.237068 
1413393898.355761 1.220661 1.233817 
1413393898.605761 1.208380 1.224109 
1413393898.805760 1.205469 1.224409 
1413393899.055760 1.201926 1.221452 
1413393899.305760 1.213186 1.223665 
1413393899.555760 1.205557 1.193968 
1413393899.655761 1.210605 1.198220 
1413393899.755760 1.212139 1.199375 
1413393899.855761 1.232847 1.230489 
1413393900.005760 1.232412 1.229856 
1413393900.305760 1.222579 1.220184 
1413393900.605761 1.248690 1.241765 
1413393900.905761 1.236873 1.227277 
1413393901.205760 1.259336 1.252456 
1413393901.555760 1.250136 1.238200 
1413393901.855761 1.254573 1.236470 
1413393902.155761 1.255874 1.235624 
1413393902.505760 1.254790 1.231666 
1413393902.805760 1.256334 1.231532 
1413393903.155761 1.257197 1.232108 
1413393903.505760 1.257335 1.230114 
1413393903.855761 1.256575 1.230598 
1413393904.055760 1.250785 1.227277 
1413393904.305760 1.251583 1.228167 
1413393904.555760 1.250994 1.227929 
1413393904.805760 1.249573 1.227129 
1413393905.105761 1.249046 1.225794 
1413393905.355761 1.251831 1.228202 
1413393905.555760 1.252012 1.228116 
1413393905.705760 1.254426 1.237867 
1413393905.855761 1.254036 1.237554 
1413393906.005760 1.253868 1.237459 
1413393906.105761 1.254256 1.237725 
1413393906.255760 1.254490 1.237865 
